2016-03-08:2901.39 233.48 +0.14 51.933 79.701 68.436 100.000
2016-03-09:2862.56 183.36 -1.34 46.867 80.447 72.440 96.462
2016-03-10:2804.73 138.98 -2.02 34.696 73.880 72.920 75.801
2016-03-11:2810.31 127.25 +0.20 26.724 68.664 71.501 62.989
2016-03-14:2859.50 194.82 +1.75 27.306 69.379 70.794 66.549
2016-03-15:2864.37 163.39 +0.17 27.501 68.226 69.938 64.802
2016-03-16:2870.43 186.49 +0.21 27.532 68.907 69.594 67.534
2016-03-17:2904.83 200.29 +1.20 31.013 75.641 71.610 83.704
2016-03-18:2955.15 313.33 +1.73 38.435 81.014 74.744 93.552
2016-03-21:3018.80 352.40 +2.15 49.552 86.102 78.530 100.000
2016-03-22:2999.36 270.38 -0.64 51.684 86.960 81.340 98.201
2016-03-23:3009.96 216.98 +0.35 51.789 88.914 83.865 99.012
2016-03-24:2960.97 237.01 -1.63 42.893 81.843 83.191 79.148
2016-03-25:2979.43 175.07 +0.62 37.336 80.081 82.154 75.934
2016-03-28:2957.82 202.02 -0.73 28.960 73.225 79.178 61.318
2016-03-29:2919.83 182.97 -1.28 17.107 61.018 73.124 36.804
2016-03-30:3000.65 210.37 +2.77 18.807 66.516 70.921 57.704
2016-03-31:3003.92 220.41 +0.11 18.983 71.067 70.970 71.260
2016-04-01:3009.53 206.55 +0.19 18.448 76.796 72.912 84.564
2016-04-05:3053.07 256.73 +1.45 22.293 83.596 76.473 97.841
2016-04-06:3050.59 232.26 -0.08 22.759 87.079 80.009 100.000
2016-04-07:3008.42 220.92 -1.38 15.964 79.942 79.986 79.854
2016-04-08:2984.96 187.90 -0.78 7.325 70.206 76.726 57.166
2016-04-11:3033.96 220.02 +1.64 7.216 74.112 75.855 70.625
2016-04-12:3023.65 182.72 -0.34 4.872 72.089 74.600 67.068
2016-04-13:3066.64 310.00 +1.42 8.042 74.172 74.457 73.602
2016-04-14:3082.36 208.24 +0.51 11.004 79.280 76.065 85.710
2016-04-15:3078.12 189.61 -0.14 11.106 81.542 77.890 88.845
2016-04-18:3033.66 183.30 -1.44 4.252 72.210 75.997 64.636
2016-04-19:3042.82 156.53 +0.30 0.233 68.226 73.406 57.858
2016-04-20:2972.58 283.14 -2.31 -11.935 57.200 68.004 35.592
2016-04-21:2952.89 189.41 -0.66 -22.094 46.434 60.814 17.675
2016-04-22:2959.24 137.21 +0.22 -27.086 40.359 53.995 13.085
2016-04-25:2946.67 125.86 -0.42 -30.932 34.127 47.373 7.637
2016-04-26:2964.70 117.71 +0.61 -29.881 33.505 42.750 15.015
2016-04-27:2953.67 130.87 -0.37 -29.457 31.102 38.868 15.572
2016-04-28:2945.59 138.66 -0.27 -29.005 29.543 37.759 17.111
2016-04-29:2938.32 109.31 -0.25 -28.388 27.058 32.859 15.457
2016-04-30:0.0 0 0 0 0 0 0