2016-03-07:43.71 27.99 28.31 41.82 58.18
2016-03-08:45.42 26.15 28.43 40.27 59.73
2016-03-09:37.15 37.39 25.46 33.96 66.04
2016-03-10:30.14 43.65 26.22 30.23 69.77
2016-03-11:33.36 38.76 27.87 34.33 65.67
2016-03-12:41.0 27.21 31.79 25.71 74.29
2016-03-13:45.19 26.62 28.18 29.61 70.39
2016-03-14:49.67 25.9 24.43 49.8 50.2
2016-03-15:41.44 30.83 27.73 39.09 60.91
2016-03-16:36.53 37.87 25.6 40.66 59.34
2016-03-17:54.15 24.38 21.46 56.63 43.37
2016-03-18:52.47 25.14 22.39 61.35 38.65
2016-03-19:45.14 22.97 31.89 45.34 54.66
2016-03-20:51.54 22.16 26.31 46.82 53.18
2016-03-21:60.65 19.83 19.52 61.93 38.07
2016-03-22:36.15 36.62 27.23 47.34 52.66
2016-03-23:45.23 31.35 23.43 52.47 47.53
2016-03-24:30.55 49.26 20.18 38.91 61.09
2016-03-25:38.36 39.24 22.41 48.03 51.97
2016-03-27:43.16 26.74 30.1 35.99 64.01
2016-03-28:29.31 49.48 21.21 40.86 59.14
2016-03-29:26.11 53.08 20.81 35.14 64.86
2016-03-30:57.29 22.7 20.01 61.67 38.33
2016-03-31:45.84 31.33 22.83 52.46 47.54
2016-04-01:43.45 32.94 23.61 46.98 53.02
2016-04-03:41.6 25.12 33.28 39.55 60.45
2016-04-04:44.09 21.63 34.29 37.38 62.62
2016-04-05:64.48 16.63 18.89 64.27 35.73
2016-04-06:47.26 32.19 20.55 54.64 45.36
2016-04-07:28.24 51.47 20.29 34.9 65.1
2016-04-08:30.86 46.49 22.65 37.7 62.3
2016-04-09:30.27 46.82 22.92 31.88 68.12
2016-04-10:39.93 28.57 31.5 38.64 61.36
2016-04-11:61.15 17.53 21.32 61.43 38.57
2016-04-12:38.47 41.53 20.0 44.55 55.45
2016-04-13:61.67 19.46 18.87 60.35 39.65
2016-04-14:53.76 26.0 20.24 59.52 40.48
2016-04-15:44.19 34.61 21.2 50.03 49.97
2016-04-16:45.84 24.36 29.8 42.84 57.16
2016-04-17:42.44 25.61 31.95 42.43 57.57
2016-04-18:29.46 51.74 18.8 41.76 58.24
2016-04-19:44.54 34.01 21.44 49.92 50.08
2016-04-20:29.31 54.04 16.65 35.64 64.36
2016-04-21:33.78 48.9 17.33 38.93 61.07
2016-04-24:34.38 33.11 32.51 33.83 66.17
2016-04-25:29.2 51.36 19.44 41.36 58.64
2016-04-26:44.65 34.24 21.12 52.48 47.52
2016-04-27:35.27 43.58 21.15 41.22 58.78
2016-04-28:40.67 39.99 19.34 43.74 56.26
2016-04-29:33.36 46.23 20.41 33.2 66.8
